function [dT_tab, h_tab] = dane_h()
    dT_tab = [-1500 -1000 -300 -50 -1 1 20 50 200 400 1000 2000];
    h_tab  = [ 178   176   168  161 160 160 160.2 161 165 168 174 179];
end
