function pomiary = pomiary()
    
    pomiary = [
        1200 25  2.5 3   107.7 105.1;
         800 25  2.5 3    79.1  78.0;
        1100 70  2.5 3   142.1 139.1;
        1200 25  2.5 5   105.7 105.5;
         800 25  2.5 5    78.2  78.1;
        1100 70  2.5 2   150.1 138.2;
        1100 70  5.0 2   116.6 105.1;
        1100 70 10.0 2    99.1  88.1;
        1100 70  2.5 4   141.2 139.8;
        1100 70  2.5 5   140.9 140.1;
    ];
end